	Time	G1	G2	G3	G4	G5	G6	G7	G8	G9	G10	Rep
606	0.0	0.0941959	0.6524286	0.2532382	0.1004177	0.6272899000000001	0.47533909999999996	0.16648410000000002	0.5842795000000001	0.5366510999999999	0.6428222	4
607	5.0	0.038736	0.636683	0.22726639999999998	0.10599280000000001	0.7298736	0.5003189	0.1348705	0.6072142	0.5538805	0.747276	4
608	10.0	0.0638306	0.683187	0.21564819999999998	0.1284005	0.5724146999999999	0.4936939	0.1537033	0.5893431	0.7454715999999999	0.6449275999999999	4
609	15.0	0.072367	0.5843925999999999	0.184693	0.136072	0.7319745	0.4417574000000001	0.18141870000000002	0.5588295	0.6494022	0.6335901999999999	4
610	20.0	0.0901985	0.6188183	0.17012020000000003	0.17281359999999998	0.6685444	0.3907938	0.1315328	0.6255642	0.6484812	0.5445335	4
611	25.0	0.1016855	0.7133289	0.1492297	0.2012948	0.6918869000000001	0.4432598	0.0981064	0.6863273	0.5447601	0.6128019	4
612	30.0	0.13043079999999999	0.5629276	0.16726670000000002	0.208578	0.7212746	0.3593499	0.1157924	0.6229781	0.5863493000000001	0.6325755	4
613	35.0	0.10292470000000001	0.6549297	0.11430539999999999	0.2604109	0.6238155	0.3758273	0.0971852	0.570399	0.4654812	0.6356871999999999	4
614	40.0	0.052222300000000006	0.6073561	0.1003177	0.235631	0.5972818	0.4841025	0.0823296	0.6813545	0.3945967	0.5563118	4
615	45.0	0.0388402	0.6230165	0.1281805	0.27115659999999997	0.7355474	0.5474108	0.09089	0.5577810000000001	0.5601031	0.7343696	4
616	50.0	0.08407410000000001	0.6738739	0.13383929999999997	0.2895225	0.5958538000000001	0.5181418	0.0738075	0.6449364000000001	0.47601809999999994	0.5674895000000001	4
617	55.0	0.046396	0.5958880999999999	0.1253438	0.27567070000000005	0.6971906999999999	0.4756723	0.1138594	0.6000187	0.4143214	0.7396195	4
618	60.0	0.0714794	0.5957104	0.1398769	0.3010605	0.7866324	0.46014160000000004	0.0742409	0.7140920000000001	0.3864617	0.7857574	4
619	65.0	0.054725300000000004	0.7054176999999999	0.1221016	0.4111683	0.5787495	0.4481731	0.054605499999999994	0.6658430999999999	0.3825353	0.5705578	4
620	70.0	0.0917483	0.611594	0.08068689999999999	0.3222711	0.5521215	0.4777401	0.067881	0.5658316	0.3445199	0.6508835999999999	4
621	75.0	0.07324960000000001	0.6242871999999999	0.07266449999999999	0.27976599999999996	0.7365421999999999	0.3388448	0.0507064	0.7450566999999999	0.3988488	0.6928366	4
622	80.0	0.055823300000000006	0.6295527	0.0857316	0.3779276	0.652688	0.46711220000000003	0.0530899	0.6116083000000001	0.4173673	0.7959421999999999	4
623	85.0	0.0537163	0.6284489999999999	0.08035419999999999	0.3349678	0.5870529000000001	0.3647433	0.0649448	0.6008933000000001	0.349326	0.6012951	4
624	90.0	0.041963	0.7135975	0.0870708	0.29748179999999996	0.6225881999999999	0.4110513	0.0235162	0.7044219	0.3800615	0.6262651	4
625	95.0	0.0734916	0.6773066	0.0561261	0.35020959999999995	0.6589126999999999	0.39447009999999993	0.054170800000000005	0.5755066	0.32928270000000004	0.5749519000000001	4
626	100.0	0.05811669999999999	0.6081884	0.09923910000000001	0.35881979999999997	0.6222878000000001	0.34964459999999997	0.0538438	0.6044961999999999	0.3740377	0.6638419	4
627	105.0	0.046423400000000004	0.6657823	0.0793659	0.4075503	0.6384126	0.3935752	0.0716964	0.5602286	0.3298915	0.6230659000000001	4
628	110.0	0.039887	0.6292273	0.0694307	0.4099626	0.5732411000000001	0.3201352	0.049362	0.7036299	0.31113029999999997	0.7766323	4
629	115.0	0.0640701	0.585252	0.037627999999999995	0.3789973	0.6476703	0.291756	0.0340017	0.6567644	0.3620718	0.7656506	4
630	120.0	0.0587707	0.6728001	0.0671765	0.394393	0.7615505	0.30276790000000003	0.041179	0.6507114	0.3545022	0.6729223000000001	4
631	125.0	0.051575699999999995	0.7161109	0.06442959999999999	0.33417859999999994	0.7601878000000001	0.23297240000000002	0.0343786	0.6648036	0.47339799999999993	0.6120903	4
632	130.0	0.0847313	0.6533842	0.05423150000000001	0.30542620000000004	0.6628696	0.2410835	0.048753500000000005	0.6113466999999999	0.3783091	0.5993377	4
633	135.0	0.0909982	0.5849185	0.049951300000000004	0.4217473	0.6485326	0.2425987	0.0436015	0.6462508000000001	0.4670959	0.7128807	4
634	140.0	0.05466669999999999	0.733611	0.0338026	0.4028446	0.6729813	0.24035979999999998	0.0357652	0.7462565	0.440687	0.7028914	4
635	145.0	0.0787807	0.6460196	0.0303101	0.44626689999999997	0.5191797	0.17404229999999998	0.024746999999999998	0.6553956	0.5256664000000001	0.6735102	4
636	150.0	0.06713839999999999	0.6664778	0.060493399999999996	0.3720217	0.5804630000000001	0.21677159999999998	0.0199728	0.6801520000000001	0.42809040000000004	0.7520614000000001	4
637	155.0	0.0797122	0.7364205	0.0631871	0.42868019999999996	0.672287	0.2201969	0.0426285	0.5965682	0.4049062	0.7173622	4
638	160.0	0.06326559999999999	0.6784854	0.0583408	0.4074889	0.5820366	0.1769859	0.03523830000000001	0.6008941	0.3830894	0.6829401999999999	4
639	165.0	0.0777692	0.741491	0.0713099	0.4463197	0.5676265	0.2050655	0.029771199999999998	0.684139	0.44828190000000007	0.5902433000000001	4
640	170.0	0.09574260000000001	0.6218189000000001	0.0728742	0.4520499	0.6145651999999999	0.159478	0.0338836	0.5923653	0.37985690000000005	0.8327841	4
641	175.0	0.093185	0.6729769	0.0494751	0.39385490000000006	0.6729633	0.189844	0.0255708	0.6682598000000001	0.4492753	0.7116148	4
642	180.0	0.08718510000000002	0.5642401	0.033982599999999995	0.45918400000000004	0.5302913	0.1836448	0.07100210000000001	0.5559029999999999	0.39326550000000005	0.7208294	4
643	185.0	0.0617034	0.7630218000000001	0.0576077	0.5245798	0.5722811999999999	0.15570920000000002	0.0273223	0.6205078	0.4085891	0.6448614	4
644	190.0	0.0663854	0.6201013000000001	0.030325400000000002	0.4796602	0.5770714	0.138506	0.026789	0.5069292999999999	0.3454115	0.6694684000000001	4
645	195.0	0.052412	0.5980807	0.0356401	0.45619149999999997	0.5376333999999999	0.1265587	0.029981	0.6218096	0.41710879999999995	0.6558609999999999	4
646	200.0	0.1438066	0.483465	0.0288259	0.45955859999999993	0.7029489000000001	0.1126989	0.0201591	0.5698797	0.4118164000000001	0.635969	4
647	205.0	0.11096680000000002	0.5872748000000001	0.0506703	0.42731260000000004	0.7276576	0.1405678	0.035327300000000006	0.5631465999999999	0.3902408	0.6666411999999999	4
648	210.0	0.09235560000000001	0.5319901	0.0399157	0.37384520000000004	0.6174305999999999	0.1216003	0.0589818	0.5455753000000001	0.3256865	0.6467098000000001	4
649	215.0	0.10020499999999999	0.5549419	0.0445457	0.42024259999999997	0.5672935	0.10382069999999999	0.0697546	0.6802501999999999	0.3437018	0.6726321	4
650	220.0	0.0915659	0.5322769	0.0492565	0.4116675	0.5550430000000001	0.11533980000000002	0.043205099999999996	0.6860013	0.4220207	0.7018847	4
651	225.0	0.0751093	0.6202858	0.0371737	0.4544759	0.5552974	0.0688317	0.046404400000000005	0.6880228	0.34861179999999997	0.5255012	4
652	230.0	0.09574010000000001	0.585229	0.057051099999999993	0.4316862	0.7290778	0.1177112	0.041883	0.6960701	0.4149661	0.5884701	4
653	235.0	0.049047	0.5410741	0.0424906	0.3809355	0.6498401999999999	0.0885258	0.021103599999999997	0.6031930999999999	0.4203964	0.5938531	4
654	240.0	0.07110839999999999	0.6110148	0.0583558	0.46482749999999995	0.6136986999999999	0.08823049999999999	0.0183201	0.5471159000000001	0.3736804	0.5752758000000001	4
655	245.0	0.046399	0.5763378	0.10006799999999999	0.4942674	0.6309123999999999	0.055005099999999994	0.0481326	0.6162181999999999	0.38769380000000003	0.6545095000000001	4
656	250.0	0.0901716	0.6619334	0.0421479	0.39336609999999994	0.7135728	0.0848022	0.0218843	0.7109899000000001	0.39368190000000003	0.6244972	4
657	255.0	0.05610830000000001	0.6975284	0.0640396	0.4970361	0.6865104000000001	0.1022557	0.0272634	0.7593794	0.4000356	0.6367248999999999	4
658	260.0	0.08667689999999999	0.7036314	0.0282257	0.43816720000000003	0.7529666	0.0556202	0.0343111	0.7183215000000001	0.397911	0.5943068	4
659	265.0	0.07695930000000001	0.5684876	0.07586280000000001	0.4909199000000001	0.6001109	0.053748199999999996	0.0322064	0.7191557	0.39646620000000005	0.6601053000000001	4
660	270.0	0.08483510000000001	0.6586602	0.0562101	0.4450313	0.6615491	0.06081990000000001	0.05915700000000001	0.6377632	0.3568495	0.6412281999999999	4
661	275.0	0.09599400000000001	0.599969	0.0514938	0.40576100000000004	0.6234243	0.0583933	0.0231446	0.5563178000000001	0.3673284	0.5664577	4
662	280.0	0.05526609999999999	0.6969724	0.03907290000000001	0.46762380000000003	0.6723581999999999	0.0617235	0.024424400000000002	0.6819424	0.30666859999999996	0.5400746999999999	4
663	285.0	0.08729289999999999	0.5558178	0.0582192	0.46610799999999997	0.6911655	0.0947479	0.026994099999999997	0.5816531	0.3472485	0.6026845999999999	4
664	290.0	0.06340180000000001	0.6773904000000001	0.0331717	0.3991287	0.7197416999999999	0.0769087	0.030171899999999998	0.6669196	0.3119565	0.5549715000000001	4
665	295.0	0.057795400000000004	0.6597515	0.05869919999999999	0.43555649999999996	0.7061188	0.0490731	0.0286642	0.6363877	0.3666124	0.5379074	4
666	300.0	0.0422063	0.6817899000000001	0.056907799999999995	0.43365699999999996	0.6727766	0.06312430000000001	0.034806699999999996	0.5712348	0.42175450000000003	0.6007923000000001	4
667	305.0	0.06362659999999999	0.6723061	0.0573418	0.32258509999999996	0.6527427	0.0825005	0.0241553	0.6112265	0.3223614	0.5522050000000001	4
668	310.0	0.0876548	0.7455987	0.0372474	0.34473000000000004	0.6508104	0.0930952	0.0386444	0.6714078	0.3625103	0.7681531	4
669	315.0	0.044602300000000004	0.6365545	0.0508314	0.4395077	0.594769	0.090237	0.0338661	0.5740699	0.4086823	0.6898621	4
670	320.0	0.0651456	0.6493399000000001	0.0467722	0.478959	0.7007734	0.0812556	0.0412407	0.7223139000000001	0.4303883	0.6483038000000001	4
671	325.0	0.0448603	0.57217	0.0640203	0.38412290000000004	0.5927286	0.0482695	0.0190795	0.6280604999999999	0.32938190000000006	0.5394587	4
672	330.0	0.059968799999999996	0.6928755	0.040919800000000006	0.4706153	0.6529943	0.0472754	0.0504087	0.6484276999999999	0.3340438	0.6065134	4
673	335.0	0.07764700000000001	0.7241609999999999	0.081091	0.5248469	0.5550389	0.0372172	0.06715410000000001	0.5512429	0.4185789000000001	0.5572573000000001	4
674	340.0	0.05511749999999999	0.6384563	0.0223138	0.4498066	0.6446476999999999	0.07191499999999999	0.029706299999999998	0.4527145	0.39515959999999994	0.652034	4
675	345.0	0.070475	0.5543654	0.033493699999999994	0.46123149999999996	0.6115288000000001	0.0381077	0.0736909	0.6889026	0.4009298	0.7498236	4
676	350.0	0.0831366	0.5737121000000001	0.0719953	0.37444720000000004	0.6442401999999999	0.0533453	0.0293368	0.4981835	0.3481959	0.6243880999999999	4
677	355.0	0.0532366	0.5569784999999999	0.033424800000000005	0.36757740000000005	0.6064873000000001	0.0416715	0.046064999999999995	0.7141041	0.48701859999999997	0.6332477	4
678	360.0	0.0705189	0.6338344	0.0364412	0.3775133	0.6528041	0.042905599999999995	0.0243287	0.5396088000000001	0.5099788	0.5938859999999999	4
679	365.0	0.0577283	0.6560284000000001	0.028188	0.3768681	0.6037683	0.0345231	0.023075400000000003	0.6577915	0.4664594	0.611683	4
680	370.0	0.0903229	0.6369727	0.029222	0.40855440000000004	0.6982822	0.0732934	0.043449	0.662567	0.4087409	0.5330773	4
681	375.0	0.0466948	0.6574399999999999	0.0368346	0.49532070000000006	0.6505692	0.040843199999999996	0.0467476	0.6464382	0.42912970000000006	0.5880989000000001	4
682	380.0	0.0713779	0.7059245	0.0578992	0.4772501	0.7053819	0.0268437	0.0385669	0.7264928	0.3615297	0.6210994000000001	4
683	385.0	0.0587006	0.7112661	0.042912599999999995	0.4911317	0.6423864	0.025641700000000003	0.036880699999999995	0.6509075	0.373492	0.4988282	4
684	390.0	0.0744878	0.6250747	0.030329200000000004	0.5790401999999999	0.6511143	0.0170033	0.0301805	0.6303545	0.3804617	0.6480196999999999	4
685	395.0	0.07168789999999998	0.6568383000000001	0.0353491	0.4523195	0.6345324999999999	0.0146461	0.0174792	0.6260955	0.4560139	0.5756766999999999	4
686	400.0	0.048287000000000004	0.7122934	0.0392289	0.44937730000000004	0.6060075	0.026561400000000002	0.0662304	0.6266166	0.41464470000000003	0.6511838000000001	4
687	405.0	0.053811300000000006	0.6934084	0.0287257	0.47068909999999997	0.6593316	0.0264473	0.0208517	0.6322171999999999	0.3794998	0.6447890000000001	4
688	410.0	0.045517699999999994	0.612941	0.029379200000000005	0.4573725	0.690474	0.0176762	0.0245305	0.6938701999999999	0.37368609999999997	0.6867477	4
689	415.0	0.0779779	0.5074333	0.031183199999999998	0.5350965999999999	0.6676845	0.0252649	0.047662	0.6508630999999999	0.4420616	0.729089	4
690	420.0	0.1089425	0.5646741999999999	0.0756265	0.5816212	0.48894849999999995	0.0372264	0.021951	0.6627687	0.3254732	0.6688508000000001	4
691	425.0	0.044024	0.5926372	0.0520351	0.5335164000000001	0.6684814	0.028902999999999998	0.030309	0.6829727	0.3946428	0.5664899	4
692	430.0	0.0660398	0.6435006	0.0228537	0.496167	0.7329981	0.0485499	0.0425815	0.7068403	0.42435680000000003	0.5492538	4
693	435.0	0.0544385	0.6563403	0.040603600000000004	0.44641210000000003	0.6835166	0.056458100000000004	0.055037	0.5541478	0.42183290000000007	0.6218186	4
694	440.0	0.08288330000000001	0.6955882	0.0551192	0.4817182	0.6414883000000001	0.019506299999999997	0.0479703	0.6194788	0.42509020000000003	0.6147166000000001	4
695	445.0	0.09380939999999999	0.7992435999999999	0.0353664	0.3845887	0.6568048000000001	0.051716399999999996	0.034842000000000005	0.5964866	0.4154561	0.5938840999999999	4
696	450.0	0.042604199999999995	0.7502300000000001	0.0350694	0.45837570000000005	0.6131831999999999	0.0914864	0.026257299999999997	0.8051801	0.3451254	0.5741458	4
697	455.0	0.076294	0.7424261999999999	0.0382657	0.6060934	0.5774792	0.0419411	0.023998500000000002	0.6569991	0.3808204	0.5943232	4
698	460.0	0.0698109	0.5735219	0.0244205	0.4423706	0.5798925	0.1106918	0.0251344	0.5372081999999999	0.359628	0.6505609	4
699	465.0	0.0623033	0.6803560000000001	0.028975900000000002	0.3455683	0.6953778	0.049137	0.020702900000000003	0.5579244000000001	0.44882390000000005	0.5738299	4
700	470.0	0.0662713	0.6665211999999999	0.04554930000000001	0.3734687	0.5989091	0.03946740000000001	0.0273509	0.5266145000000001	0.4078408	0.5806756	4
701	475.0	0.0721215	0.6366845999999999	0.0481107	0.39836659999999996	0.5640963999999999	0.0329646	0.030909	0.5456693	0.39793459999999997	0.7229895000000001	4
702	480.0	0.050222199999999995	0.6887523	0.0388234	0.3947614	0.6619029000000001	0.05421	0.027149700000000002	0.6475828	0.3840369	0.656406	4
703	485.0	0.0801199	0.7360772	0.058849900000000004	0.41258090000000003	0.6296189999999999	0.0585317	0.0423519	0.612166	0.3358658	0.6231256	4
704	490.0	0.06612539999999999	0.7707930000000001	0.050288900000000004	0.3830917	0.5098083999999999	0.058783400000000006	0.026659	0.5528208	0.4092028	0.561996	4
705	495.0	0.060037900000000005	0.6459541999999999	0.035521	0.4141269	0.5790663	0.0403535	0.026611000000000003	0.6573346999999999	0.4728683	0.6106748000000001	4
706	500.0	0.10162610000000001	0.6331166	0.038285900000000005	0.41856640000000006	0.6908696999999999	0.060951099999999994	0.0228913	0.7281541	0.3887219	0.6534983	4
707	505.0	0.1205257	0.7309404	0.052075199999999995	0.45740559999999997	0.6753388000000001	0.0464652	0.051425099999999994	0.5563743	0.4153988	0.5437878	4
708	510.0	0.0772303	0.6619364000000001	0.0945092	0.32682100000000003	0.6077716	0.044586900000000006	0.059920600000000004	0.5767817	0.4619367999999999	0.6153904	4
709	515.0	0.0602118	0.6341523	0.11236710000000001	0.42728140000000003	0.6093569999999999	0.052517799999999996	0.103506	0.6936988000000001	0.41562959999999993	0.5802871000000001	4
710	520.0	0.0442037	0.6686063	0.0799357	0.28974770000000005	0.6045315	0.0695074	0.12782939999999998	0.6488512	0.47644759999999997	0.6678430000000001	4
711	525.0	0.0724065	0.7174371	0.14212529999999998	0.2989465	0.573871	0.043228699999999995	0.1460385	0.6764687	0.5168413	0.6785039	4
712	530.0	0.0831804	0.68538	0.13627879999999998	0.2312364	0.6203647	0.06899069999999999	0.1555125	0.5565494000000001	0.4838374	0.7562701999999999	4
713	535.0	0.0833161	0.7504786	0.2250334	0.22292420000000002	0.6198954000000001	0.048356800000000005	0.1409884	0.6206303000000001	0.5235035	0.6567122	4
714	540.0	0.0575128	0.6197481	0.1723272	0.19094270000000002	0.6238819	0.0838475	0.1647068	0.610114	0.5612060999999999	0.6571179	4
715	545.0	0.05994360000000001	0.6563515999999999	0.1564834	0.2729992	0.5255883000000001	0.0788431	0.17889560000000002	0.59922	0.6080255	0.6130045999999999	4
716	550.0	0.1228326	0.7464013	0.17684170000000002	0.19571029999999998	0.5776217	0.0991367	0.16485360000000002	0.6297895	0.6155841999999999	0.5405624	4
717	555.0	0.051368399999999995	0.7839448	0.1882401	0.1868059	0.5874848000000001	0.1261546	0.1673693	0.6747842	0.5235529999999999	0.7164231	4
718	560.0	0.047016300000000004	0.6937594	0.1729979	0.2352962	0.6336893	0.0916633	0.1151094	0.4751357	0.5904008000000001	0.7222407	4
719	565.0	0.071953	0.7515585	0.1848955	0.207657	0.6469991999999999	0.18205570000000001	0.1895623	0.5535479999999999	0.4802107	0.6151326	4
720	570.0	0.06637739999999999	0.6936081999999999	0.2117864	0.1604055	0.6351203000000001	0.13590829999999998	0.1743999	0.5539515	0.4808425	0.5773609000000001	4
721	575.0	0.0581961	0.6840769	0.2044913	0.1527731	0.6219713000000001	0.1763024	0.1753516	0.5803005	0.5510073	0.5802271999999999	4
722	580.0	0.08417460000000002	0.6553796	0.2276548	0.176522	0.5780868	0.2409584	0.18350429999999998	0.5791791999999999	0.6184122	0.5850539	4
723	585.0	0.0329335	0.5907643	0.177696	0.11344000000000001	0.7206638000000001	0.24267429999999998	0.1694739	0.5456871999999999	0.6508507	0.6851403	4
724	590.0	0.0722415	0.6080260000000001	0.25652070000000005	0.14535050000000002	0.5535619	0.2575982	0.21049479999999998	0.6568328	0.5962404	0.7383701	4
725	595.0	0.1022322	0.5928414000000001	0.197189	0.12722619999999998	0.4741972	0.23582519999999998	0.1697589	0.6483599	0.589133	0.6669394000000001	4
726	600.0	0.0586654	0.6215984	0.224584	0.10815090000000001	0.666763	0.2463384	0.2099511	0.7140569999999999	0.5716174	0.6204149999999999	4
727	605.0	0.058113599999999994	0.6126632	0.19365529999999997	0.147095	0.5423755	0.2878239	0.200935	0.7589001999999999	0.582616	0.7354765999999999	4
728	610.0	0.06516509999999999	0.7224716	0.2217948	0.1514419	0.5482809000000001	0.2352432	0.1816001	0.6670709	0.5647754	0.6744694999999999	4
729	615.0	0.0703229	0.6149975999999999	0.2534379	0.1083531	0.6387513000000001	0.2559779	0.18119200000000002	0.7195374	0.568098	0.6587283	4
730	620.0	0.08202530000000001	0.5786374	0.2077321	0.1250587	0.6658088000000001	0.3125823	0.19090610000000002	0.5634974	0.5331853	0.6046657	4
731	625.0	0.1079104	0.6384314	0.20983520000000003	0.11303610000000001	0.5393239000000001	0.4006118	0.15346110000000002	0.5863604	0.5415024	0.683153	4
732	630.0	0.060764	0.6044995	0.22736279999999998	0.0804433	0.5459634	0.4688022	0.18414339999999998	0.76479	0.5305734000000001	0.7082090999999999	4
733	635.0	0.10527539999999999	0.6659930000000001	0.16659300000000002	0.1177464	0.5919338000000001	0.38951199999999997	0.26615170000000005	0.6351004	0.5054562	0.696685	4
734	640.0	0.039095599999999994	0.7278984000000001	0.1947575	0.16710650000000002	0.5944345	0.3852268	0.1676565	0.708885	0.5126662999999999	0.642588	4
735	645.0	0.06593510000000001	0.5925414000000001	0.19057000000000002	0.132447	0.5680111	0.404974	0.1829945	0.7574913000000001	0.6361151999999999	0.6057014000000001	4
736	650.0	0.1036611	0.5735137	0.1822894	0.1176532	0.5343945	0.39193290000000003	0.1715691	0.6344609999999999	0.6014828000000001	0.7719251	4
737	655.0	0.0743241	0.7152024	0.1950211	0.1245741	0.6204687	0.39222140000000005	0.193482	0.7788746	0.5184369000000001	0.6429674	4
738	660.0	0.08038610000000002	0.6779223000000001	0.2038135	0.1371549	0.5468559000000001	0.3659232	0.2156535	0.7397903	0.5239749	0.7096811	4
739	665.0	0.05747769999999999	0.6759968000000001	0.19072709999999998	0.11068419999999998	0.6335807	0.4991094	0.2646274	0.6805424	0.5522808000000001	0.5459978	4
740	670.0	0.0808635	0.5947713000000001	0.2371933	0.1262939	0.5903463000000001	0.34404629999999997	0.18885339999999998	0.6936357	0.6041152	0.6101324	4
741	675.0	0.10907	0.7123643	0.1473718	0.1510595	0.6736361	0.38104679999999996	0.23466869999999998	0.6716525	0.5458003	0.5443081	4
742	680.0	0.1093193	0.6430894	0.1697857	0.11660539999999998	0.520868	0.363173	0.1688448	0.6359848000000001	0.4918853	0.5864037	4
743	685.0	0.0646533	0.7073046	0.1757506	0.09327730000000001	0.6478598000000001	0.5037249	0.1748782	0.6092607	0.6108731	0.6463918000000001	4
744	690.0	0.0873315	0.6201305	0.22275509999999998	0.11313630000000001	0.8005776	0.35048490000000004	0.1956413	0.7558874	0.575232	0.5481982	4
745	695.0	0.042337599999999996	0.6048774	0.1592135	0.0962252	0.6341683000000001	0.3848659	0.2456884	0.6413386	0.5861068	0.6046858	4
746	700.0	0.0634553	0.6334549	0.1955674	0.099625	0.5695687	0.339417	0.20694250000000003	0.7144676	0.6115541	0.6286421999999999	4
747	705.0	0.041834500000000004	0.744161	0.1500224	0.0937199	0.5775825	0.3679604	0.22062620000000002	0.7433721999999999	0.5876331	0.49720820000000004	4
748	710.0	0.0859422	0.5780658000000001	0.1949993	0.09891910000000001	0.6409953	0.445846	0.1879915	0.5853718000000001	0.5921741	0.4844615	4
749	715.0	0.06739980000000001	0.6216897	0.1281909	0.083289	0.5997311	0.4615241	0.1813433	0.5899258000000001	0.4718726	0.5725047	4
750	720.0	0.0979492	0.6723718000000001	0.21723299999999998	0.1161137	0.6013729	0.3978215	0.20466679999999998	0.6795391	0.6817543	0.7003179	4
751	725.0	0.0966624	0.6311033	0.2173487	0.0744729	0.6974071	0.3747937	0.2838039	0.6799405	0.752127	0.6366123	4
752	730.0	0.0793757	0.5659788	0.2018303	0.0835428	0.6357409	0.3775062	0.2892754	0.7266275999999999	0.6287969	0.5919904	4
753	735.0	0.051548800000000006	0.5826456999999999	0.1459716	0.0768438	0.6587835	0.39644	0.1528864	0.6253536	0.6370285	0.6307589	4
754	740.0	0.091001	0.5649611	0.2198766	0.1202462	0.6537691999999999	0.37225490000000006	0.1865675	0.6307823	0.6341085999999999	0.6056918	4
755	745.0	0.08404439999999999	0.5030382999999999	0.27078159999999996	0.0743949	0.6745916000000001	0.40544050000000004	0.157047	0.6839648	0.6960503	0.568497	4
756	750.0	0.10995730000000001	0.6256826	0.22534029999999997	0.0454704	0.4921428	0.33736370000000004	0.15656889999999998	0.6755045999999999	0.649962	0.5779788	4
757	755.0	0.059656799999999996	0.5380775999999999	0.22609980000000002	0.0758734	0.5771521	0.4022567	0.2061634	0.5622155	0.5843010999999999	0.6439781	4
758	760.0	0.0831444	0.5509162	0.2215605	0.0808242	0.6382948	0.4799696	0.1838335	0.6149955	0.6397775	0.5123856999999999	4
759	765.0	0.0591096	0.6378144	0.17199560000000003	0.10161460000000001	0.5647189	0.4327361	0.1688816	0.6538844	0.5665145	0.6742127	4
760	770.0	0.0662393	0.6233408	0.1809806	0.1220779	0.6748206	0.3742236	0.1188701	0.7160313	0.6746529	0.6869446	4
761	775.0	0.063388	0.7423996999999999	0.1771821	0.093055	0.6094522	0.5216893	0.1479289	0.7292958	0.6083347	0.5628064	4
762	780.0	0.08453	0.6418305000000001	0.1895481	0.10171000000000001	0.5530802	0.545852	0.143674	0.6155018	0.6548344	0.6739404	4
763	785.0	0.06187619999999999	0.5725723	0.21533320000000003	0.0980791	0.5829608000000001	0.41564399999999996	0.1293627	0.6101255	0.574408	0.6714505000000001	4
764	790.0	0.07485449999999999	0.6434215999999999	0.26070229999999994	0.0918085	0.6196864000000001	0.5121202	0.1291079	0.6758932	0.5598908	0.6290425000000001	4
765	795.0	0.11226400000000002	0.5516101999999999	0.2013996	0.0668607	0.5970270999999999	0.4692308	0.24952270000000004	0.6890245	0.7032661	0.6666784	4
766	800.0	0.0819789	0.5508656	0.2859711	0.0813968	0.6305595	0.5146502000000001	0.15801500000000002	0.6263255	0.6966333	0.6754766	4
767	805.0	0.1220968	0.5508298	0.1767344	0.1472355	0.6682666	0.4408434	0.1168685	0.5261534000000001	0.6843781	0.6336811	4
768	810.0	0.0916492	0.7167786999999999	0.23085170000000002	0.11294449999999999	0.7085022	0.4817762	0.18880260000000001	0.8135819000000001	0.6301210999999999	0.7061930999999999	4
769	815.0	0.07970010000000001	0.6987477	0.2302704	0.0731962	0.6358808000000001	0.4927593	0.141747	0.6656251999999999	0.5456075	0.6816378000000001	4
770	820.0	0.0887707	0.5855903	0.1894734	0.0955687	0.6815248	0.3912525	0.1265047	0.6822345999999999	0.6514843000000001	0.6325835	4
771	825.0	0.0673298	0.6389648	0.18888470000000002	0.1630623	0.6221005999999999	0.4204407	0.17964170000000002	0.6499283	0.6346198000000001	0.6856899999999999	4
772	830.0	0.0756445	0.6802012	0.223977	0.13627679999999998	0.6377465999999999	0.5129574	0.1609296	0.6505888000000001	0.5517926	0.5872193	4
773	835.0	0.0619462	0.6928624	0.2549311	0.11366939999999999	0.5856517	0.5129769000000001	0.1111015	0.6898503	0.6634140000000001	0.7000281	4
774	840.0	0.0503654	0.6924413	0.18532320000000002	0.0761169	0.774229	0.4574055	0.1356526	0.7631015999999999	0.6040075	0.71421	4
775	845.0	0.0481664	0.6175486	0.20851570000000003	0.0735793	0.6385373000000001	0.44295200000000007	0.1499616	0.6278214	0.5489400999999999	0.6491587	4
776	850.0	0.045002	0.6889865	0.19363129999999998	0.08410930000000001	0.6274163	0.3879502	0.1375533	0.6859071999999999	0.6774858	0.6761885	4
777	855.0	0.0635997	0.6065037	0.1600348	0.1006797	0.6291131999999999	0.3637836	0.13053510000000002	0.5464149	0.5502504	0.6238497	4
778	860.0	0.05321	0.5884322	0.15217560000000002	0.0626174	0.6084659	0.4870516	0.1824615	0.6554180000000001	0.5142284	0.7761073	4
779	865.0	0.0719914	0.6593779000000001	0.1833411	0.0978223	0.6240199000000001	0.4822125	0.13839520000000002	0.6006752	0.6274498000000001	0.7223765000000001	4
780	870.0	0.0834037	0.6733106	0.2012082	0.10952169999999999	0.6643661999999999	0.41030020000000006	0.112943	0.5479998	0.5927665	0.6136385	4
781	875.0	0.10605940000000001	0.6071386999999999	0.28710019999999997	0.07873519999999999	0.7565071999999999	0.4900656	0.14301570000000002	0.6270665	0.5300664	0.5787909999999999	4
782	880.0	0.0892856	0.6934481	0.1827162	0.085138	0.7169499	0.3606702	0.1918895	0.6120734999999999	0.6960193	0.6196105	4
783	885.0	0.0945828	0.7073913000000001	0.2238218	0.08077739999999999	0.598865	0.39612909999999996	0.214468	0.6048029	0.6127863	0.6377904999999999	4
784	890.0	0.0756674	0.6996533	0.16123610000000002	0.08177050000000001	0.6409964	0.3711993	0.1746422	0.5706233	0.6320766	0.8517408999999999	4
785	895.0	0.12131030000000001	0.6342581	0.22663989999999998	0.09048060000000001	0.713733	0.45043019999999995	0.17039	0.7307031	0.6332007	0.7299602	4
786	900.0	0.0718804	0.7429389	0.16783800000000001	0.0825182	0.5739453	0.4081393	0.1987253	0.5624931	0.634084	0.623154	4
787	905.0	0.0798038	0.5679935	0.2215979	0.10639669999999998	0.544046	0.4234376	0.1877721	0.6516221999999999	0.5379858000000001	0.6952031999999999	4
788	910.0	0.059732299999999995	0.6670644	0.22659780000000002	0.1133049	0.7076777	0.4051671	0.1759865	0.6136439	0.6384859	0.6100045999999999	4
789	915.0	0.0571862	0.7334229999999999	0.20223139999999998	0.1489915	0.7166195	0.3935448	0.1701078	0.7730629	0.635748	0.6724751	4
790	920.0	0.055391199999999995	0.6524729	0.22139339999999996	0.0937603	0.5914984999999999	0.446032	0.1758939	0.6622036	0.5843931	0.5955365	4
791	925.0	0.0495721	0.5928667	0.21243070000000003	0.13501110000000002	0.6098115	0.4629085	0.1913922	0.6789915	0.6191888000000001	0.7287908000000001	4
792	930.0	0.059010400000000005	0.6646179	0.25085810000000003	0.0957832	0.6058229	0.5096835	0.2116875	0.6408648	0.5977728	0.6084482	4
793	935.0	0.0750405	0.637483	0.21276	0.11381240000000001	0.6217155	0.43959309999999996	0.2031354	0.7994446999999999	0.6109183000000001	0.6287526	4
794	940.0	0.052182900000000004	0.5943354999999999	0.1996084	0.0869406	0.6243003	0.47859529999999995	0.1870645	0.6206798000000001	0.7061673	0.7313137	4
795	945.0	0.070655	0.6166318000000001	0.2236121	0.0899044	0.6290701	0.4427987	0.1257365	0.6289756999999999	0.6960684	0.621445	4
796	950.0	0.0864578	0.5753012	0.18011010000000002	0.0732146	0.7105861	0.4319657	0.1604779	0.5607779	0.640917	0.6082348000000001	4
797	955.0	0.08296210000000001	0.6291166	0.26636190000000004	0.1078641	0.5932421999999999	0.5392234	0.14995060000000002	0.6487892	0.4967621	0.6123368	4
798	960.0	0.11604469999999999	0.6549081999999999	0.20835520000000002	0.0950249	0.6022866	0.4416857	0.2179333	0.6085441	0.6845171	0.6768227	4
799	965.0	0.0519739	0.5507489000000001	0.1834277	0.0838512	0.6098654	0.4164454000000001	0.1778	0.7076719	0.6567199	0.5890001	4
800	970.0	0.0538952	0.6109698	0.1679646	0.1284852	0.7557404999999999	0.4077097	0.1550052	0.6391252	0.6153664000000001	0.6067097	4
801	975.0	0.0737801	0.6011493	0.2012999	0.0726301	0.6833688	0.4039326	0.27883850000000004	0.6859196999999999	0.6851560999999999	0.5639365	4
802	980.0	0.0331951	0.6391397	0.21360820000000003	0.097187	0.5379904999999999	0.361469	0.30004770000000003	0.6969199	0.6491920999999999	0.5799232	4
803	985.0	0.0556552	0.6208875	0.2275047	0.11544929999999999	0.5748589	0.39262959999999997	0.1852296	0.6339853	0.6889981	0.5632164000000001	4
804	990.0	0.0496486	0.630614	0.2249192	0.1128553	0.5828366	0.38822779999999996	0.13459949999999998	0.6256358	0.7719826999999999	0.6559109000000001	4
805	995.0	0.06593049999999999	0.6793334	0.2563466	0.1178161	0.6054803000000001	0.3870687	0.1794654	0.6506078000000001	0.7394062	0.5749515000000001	4
806	1000.0	0.0422277	0.6070922	0.27101490000000006	0.11496769999999999	0.6419491	0.4629745	0.2582903	0.6570159999999999	0.6401513000000001	0.6974477	4
